MEMORY
  total           13901 KB
  struct            159 KB
  buffer            430 KB
  arena           13312 KB, used 0.0%

SIZES
  narena                13631488
  nbuffer               440640
  nplugin               0
  maxuse_stack          1560
  maxuse_arena          3600
  maxuse_con            0
  maxuse_efc            2
  ncon                  0
  ne                    0
  nf                    2
  nl                    0
  nefc                  2
  nJ                    16
  nA                    0
  nisland               1
  nidof                 8
  ntree_awake           1
  nbody_awake           4
  nparent_awake         3
  nv_awake              8
  flg_energypos         0
  flg_energyvel         0
  flg_subtreevel        0
  flg_rnepost           0
  threadpool            0

TIMER
    0:  duration =  0.17       number = 8
    1:  duration =  0.17       number = 8
    2:  duration =  0          number = 0
    3:  duration =  0.13       number = 8
    4:  duration =  0.009      number = 8
    5:  duration =  0.0026     number = 8
    6:  duration =  0.022      number = 8
    7:  duration =  0.0023     number = 8
    8:  duration =  0.012      number = 8
    9:  duration =  0.0067     number = 8
    10:  duration =  0.083      number = 8
    11:  duration =  0.022      number = 8
    12:  duration =  0.00047    number = 8
    13:  duration =  0.01       number = 8
    14:  duration =  0.00055    number = 8

SOLVER STAT
  solver_fwdinv =   0         0       
  ISLAND 0
    solver_niter = 1
    solver_nnz = 64
      0:  improvement = -8.6e-33     gradient =  2e-17       lineslope =  0       
          nactive = 2   nchange = 0   neval = 2   nupdate = 0

ENERGY =   0         0       

TIME =  25      

QPOS
  -4.2e-14 
  -8.8e-18 
  -3e+03   
   1       
   4.2e-17 
   3.4e-13 
   2e-19   
  -2.6e-18 
  -3.1e-18 

QVEL
  -3.8e-15 
   1.2e-17 
  -2.4e+02 
   2.1e-16 
   6.2e-14 
  -2.2e-18 
  -1.5e-19 
  -9e-20   

QACC_WARMSTART
  -1.7e-15 
  -8.2e-18 
  -9.8     
  -1.4e-16 
   2.7e-14 
   1.4e-18 
   2e-17   
   1.1e-17 

CTRL
   0       
   0       

QFRC_APPLIED
   0       
   0       
   0       
   0       
   0       
   0       
   0       
   0       

XFRC_APPLIED
   0         0         0         0         0         0       
   0         0         0         0         0         0       
   0         0         0         0         0         0       
   0         0         0         0         0         0       

QACC
  -1.7e-15 
  -8.2e-18 
  -9.8     
  -1.4e-16 
   2.7e-14 
   1.4e-18 
   2e-17   
   1.1e-17 

TREE_ASLEEP
  -11

XPOS
   0         0         0       
  -4.2e-14  -8.8e-18  -3e+03   
  -2e-14     0.14     -3e+03   
  -2e-14    -0.14     -3e+03   

XQUAT
   1         0         0         0       
   1         4.2e-17   3.4e-13   2e-19   
   0.71     -0.71      2.4e-13   2.4e-13 
   0.71     -0.71      2.4e-13   2.4e-13 

XMAT
   1         0         0         0         1         0         0         0         1       
   1        -4e-19     6.7e-13   4e-19     1        -8.4e-17  -6.7e-13   8.4e-17   1       
   1        -6.7e-13   5.4e-16   4e-19     0.0008    1        -6.7e-13  -1         0.0008  
   1        -6.7e-13   5.4e-16   4e-19     0.0008    1        -6.7e-13  -1         0.0008  

XIPOS
   0         0         0       
  -0.064    -1.4e-17  -3e+03   
  -2e-14     0.14     -3e+03   
  -2e-14    -0.14     -3e+03   

XIMAT
   1         0         0         0         1         0         0         0         1       
   1        -4e-19     6.7e-13   4e-19     1        -8.4e-17  -6.7e-13   8.4e-17   1       
  -0.00062   0.0025    1         1        -0.0008    0.00062   0.0008    1        -0.0025  
  -0.00062   0.0025    1         1        -0.0008    0.00062   0.0008    1        -0.0025  

XANCHOR
  -4.2e-14  -8.8e-18  -3e+03   
  -2e-14     0.14     -3e+03   
  -2e-14    -0.14     -3e+03   

XAXIS
   0         0         1       
   5.4e-16   1         0.0008  
   5.4e-16   1         0.0008  

GEOM_XPOS
  -0.059    -0.00063  -3e+03   
  -0.059    -0.00063  -3e+03   
  -0.18     -0.064    -3e+03   
  -0.18      0.064    -3e+03   
  -0.043    -4.9e-06  -3e+03   
  -0.043    -4.9e-06  -3e+03   
   0.078    -1.8e-17  -3e+03   
   9.3e-06   0.14     -3e+03   
   9.3e-06   0.14     -3e+03   
   3.6e-05  -0.14     -3e+03   
   3.6e-05  -0.14     -3e+03   

GEOM_XMAT
  -0.011    -0.072     1         0.0019   -1        -0.072     1         0.0012    0.011   
  -0.011    -0.072     1         0.0019   -1        -0.072     1         0.0012    0.011   
   1        -4e-19     6.7e-13   4e-19     1        -8.4e-17  -6.7e-13   8.4e-17   1       
   1        -4e-19     6.7e-13   4e-19     1        -8.4e-17  -6.7e-13   8.4e-17   1       
   0.16      0.00062   0.99     -0.00013  -1         0.00065   0.99     -0.00023  -0.16    
   0.16      0.00062   0.99     -0.00013  -1         0.00065   0.99     -0.00023  -0.16    
   1        -4e-19     6.7e-13   4e-19     1        -8.4e-17  -6.7e-13   8.4e-17   1       
   0.0023    0.15      0.99      1         0.00027  -0.0023   -0.00061   0.99     -0.15    
   0.0023    0.15      0.99      1         0.00027  -0.0023   -0.00061   0.99     -0.15    
   0.00061  -0.89     -0.46      1        -0.00049   0.0023   -0.0023   -0.46      0.89    
   0.00061  -0.89     -0.46      1        -0.00049   0.0023   -0.0023   -0.46      0.89    

SUBTREE_COM
  -0.062    -1.4e-17  -3e+03   
  -0.062    -1.4e-17  -3e+03   
  -2e-14     0.14     -3e+03   
  -2e-14    -0.14     -3e+03   

CDOF
   0         0         0         1         0         0       
   0         0         0         0         1         0       
   0         0         0         0         0         1       
   1         4e-19    -6.7e-13   2.4e-20  -0.059    -4.7e-18 
  -4e-19     1         8.4e-17   0.059    -5.2e-18   0.062   
   6.7e-13  -8.4e-17   1        -2.2e-19  -0.062    -5.2e-18 
   5.4e-16   1         0.0008    0.026    -4.9e-05   0.062   
   5.4e-16   1         0.0008    0.026    -4.9e-05   0.062   

CINERT
   0         0         0         0         0         0         0         0         0         0       
   0.01      0.01      0.008    -1.1e-21   2.9e-06   1.7e-19  -0.0035   -5.6e-19   0.0015    1.8     
   0.00062   0.00015   0.00071  -0.00025   4.6e-05   0.00011   0.0018    0.0041   -0.00075   0.028   
   0.00062   0.00015   0.00071   0.00025   4.6e-05  -0.00011   0.0018   -0.0041   -0.00075   0.028   

ACTUATOR_LENGTH
  -2.6e-18 
  -3.1e-18 

actuator_moment
----------
       x  |
        x |
----------

ACTUATOR_MOMENT
     6:  1       
     7:  1       

CRB
   0         0         0         0         0         0         0         0         0         0       
   0.011     0.01      0.0094   -1.2e-08   9.5e-05   1.5e-08  -5.2e-18  -8.7e-19   2.2e-13   1.9     
   0.00062   0.00015   0.00071  -0.00025   4.6e-05   0.00011   0.0018    0.0041   -0.00075   0.028   
   0.00062   0.00015   0.00071   0.00025   4.6e-05  -0.00011   0.0018   -0.0041   -0.00075   0.028   

QM
   1.9     
   0         1.9     
   0         0         1.9     
   4.4e-20  -0.11     -9.7e-18   0.018   
   0.11     -9.6e-18   0.12     -1.2e-08   0.024   
   4.7e-19  -0.12     -9.7e-18   0.0069    1.5e-08   0.017   
   0         0         0        -5.9e-09   2.1e-05   1.7e-08   0.01    
   0         0         0        -5.9e-09   2.1e-05   1.7e-08             0.01    

M
     0:  1.9     
     0:  0          1:  1.9     
     0:  0          1:  0          2:  1.9     
     0:  4.4e-20    1: -0.11       2: -9.7e-18    3:  0.018   
     0:  0.11       1: -9.6e-18    2:  0.12       3: -1.2e-08    4:  0.024   
     0:  4.7e-19    1: -0.12       2: -9.7e-18    3:  0.0069     4:  1.5e-08    5:  0.017   
     0:  0          1:  0          2:  0          3: -5.9e-09    4:  2.1e-05    5:  1.7e-08    6:  0.01    
     0:  0          1:  0          2:  0          3: -5.9e-09    4:  2.1e-05    5:  1.7e-08    7:  0.01    

QLD
     0:  1.1     
     0: -2.4e-07    1:  0.8     
     0: -0.41       1: -1.1e-07    2:  1.3     
     0:  5.6e-06    1: -4.2        2:  5.9e-06    3:  0.015   
     0:  4.6        1:  4.4e-06    2:  4.8        3: -7.6e-07    4:  0.024   
     0:  2.8e-17    1: -6.9        2: -5.8e-16    3:  0.42       4:  9.1e-07    5:  0.017   
     0:  0          1:  0          2:  0          3: -5.9e-07    4:  0.0021     5:  1.6e-06    6:  0.01    
     0:  0          1:  0          2:  0          3: -5.9e-07    4:  0.0021     5:  1.6e-06    7:  0.01    

QLDIAGINV
   0.88    
   1.3     
   0.77    
   67      
   42      
   60      
   1e+02   
   1e+02   

M: inertia structure
----------
 x        |
 xx       |
 xxx      |
 xxxx     |
 xxxxx    |
 xxxxxx   |
 xxxxxxx  |
 xxxxxx x |
----------

iM: block-diagonal inertia (nnzs are island ids)
----------
 0        |
 00       |
 000      |
 0000     |
 00000    |
 000000   |
 0000000  |
 000000 0 |
----------

TREE_AWAKE
  1

BODY_AWAKE
  -1 1 1 1

BODY_AWAKE_IND
  0 1 2 3

PARENT_AWAKE_IND
  1 2 3

DOF_AWAKE_IND
  0 1 2 3 4 5 6 7

EFC_TYPE
  1
  1

EFC_ID
  6
  7

EFC_J
   0         0         0         0         0         0         1         0       
   0         0         0         0         0         0         0         1       

IEFC_J
   0         0         0         0         0         0         1         0       
   0         0         0         0         0         0         0         1       

EFC_POS
   0       
   0       

EFC_MARGIN
   0       
   0       

EFC_FRICTIONLOSS
   0.1     
   0.1     

EFC_DIAGAPPROX
   1e+02   
   1e+02   

EFC_KBIP
   0         1.1e+02   0.9       0       
   0         1.1e+02   0.9       0       

EFC_D
   0.09    
   0.09    

EFC_R
   11      
   11      

ACTUATOR_VELOCITY
  -2e-19   
  -1.1e-19 

CVEL
   0         0         0         0         0         0       
   2.1e-16   6.2e-14  -2.2e-18  -1.4e-16   1.1e-22  -2.4e+02 
   2.1e-16   6.2e-14  -2.2e-18  -1.4e-16   1.2e-22  -2.4e+02 
   2.1e-16   6.2e-14  -2.2e-18  -1.4e-16   1.1e-22  -2.4e+02 

CDOF_DOT
   0         0         0         0         0         0       
   0         0         0         0         0         0       
   0         0         0         0         0         0       
  -0         0         0         9.7e-17  -2.4e+02  -1.2e-17 
   0        -0         0         2.4e+02   9.7e-17  -3.8e-15 
   0         0        -0        -2e-14    -1.6e-10  -8e-30   
   5.1e-17  -1.7e-19   2.1e-16   2.4e+02  -1.3e-13  -1.8e-15 
   5.1e-17  -1.7e-19   2.1e-16   2.4e+02  -1.3e-13  -1.7e-15 

QFRC_BIAS
  -1e-28   
   1.3e-29 
   18      
  -9.3e-17 
   1.1     
  -9.5e-17 
   0       
   0       

QFRC_SPRING
   0       
   0       
   0       
   0       
   0       
   0       
   0       
   0       

QFRC_DAMPER
   0       
   0       
   0       
   0       
   0       
   0       
   0       
   0       

QFRC_GRAVCOMP
   0       
   0       
   0       
   0       
   0       
   0       
   0       
   0       

QFRC_FLUID
   0       
   0       
   0       
   0       
   0       
   0       
   0       
   0       

QFRC_PASSIVE
   0       
   0       
   0       
   0       
   0       
   0       
   0       
   0       

EFC_VEL
  -2e-19   
  -1.1e-19 

EFC_AREF
   2.1e-17 
   1.2e-17 

SUBTREE_LINVEL
   0         0         0       
   0         0         0       
   0         0         0       
   0         0         0       

SUBTREE_ANGMOM
   0         0         0       
   0         0         0       
   0         0         0       
   0         0         0       

ACTUATOR_FORCE
   2e-20   
   1.1e-20 

QFRC_ACTUATOR
   0       
   0       
   0       
   0       
   0       
   0       
   2e-20   
   1.1e-20 

QFRC_SMOOTH
   1e-28   
  -1.3e-29 
  -18      
   9.3e-17 
  -1.1     
   9.5e-17 
   2e-20   
   1.1e-20 

QACC_SMOOTH
  -7.8e-16 
  -8.2e-18 
  -9.8     
  -1.4e-16 
   2.1e-14 
   1.4e-18 
  -4.2e-17 
  -4.3e-17 

EFC_B
  -6.3e-17 
  -5.5e-17 

EFC_FORCE
   4.1e-20 
   4.9e-20 

EFC_STATE
  1
  1

QFRC_CONSTRAINT
   0       
   0       
   0       
   0       
   0       
   0       
   4.1e-20 
   4.9e-20 

QFRC_INVERSE
   0       
   0       
   0       
   0       
   0       
   0       
   0       
   0       

CACC
   0         0         0         0         0         0       
   0         0         0         0         0         0       
   0         0         0         0         0         0       
   0         0         0         0         0         0       

CFRC_INT
   0         0         0         0         0         0       
   0         0         0         0         0         0       
   0         0         0         0         0         0       
   0         0         0         0         0         0       

CFRC_EXT
   0         0         0         0         0         0       
   0         0         0         0         0         0       
   0         0         0         0         0         0       
   0         0         0         0         0         0       

TREE_ISLAND
  0

ISLAND_NTREE
  1

ISLAND_ITREEADR
  0

MAP_ITREE2TREE
  0

DOF_ISLAND            0 0 0 0 0 0 0 0

ISLAND_NV             8

ISLAND_IDOFADR        0

MAP_IDOF2DOF          0 1 2 3 4 5 6 7

EFC_ISLAND            0 0

ISLAND_NEFC           2

ISLAND_IEFCADR        0

MAP_IEFC2EFC          0 1

